[Alignment]
NumbConc.ARZ = {1.15349, 1.11678, 0.93049, 1., 1.}
MassConc.ARZ = {1, 1, 1, 1, 1}
NumbConc.KCL = {1.06625, 0.88715, 0.34350, 1., 1.}
MassConc.KCL = {1, 1, 1, 1, 1}
NumbConc.REM = NumbConc.KCL
MassConc.REM = MassConc.KCL
 
[Mimicking.MasterSpectra]
MassConc.ARZ = {0.12690, 0.12730, 0.24325, 0.33352, 0.37616}
MassConc.KCL = {0.12530, 0.12730, 0.13350, 0.13350, 0.13350}
MassConc.REM = MassConc.KCL

[InjectionTimes]
DispensingTime.ARZ = 3.5
DispensingTime.KCL = 26
DispensingTime.REM = 22