[Alignment]
NumbConc.ARZ = {1.19980, 1.15786, 1.01455, 1., 1.}
MassConc.ARZ = {1, 1, 1, 1, 1}
NumbConc.KCL = {1.09807, 0.97501, 0.68700, 1., 1.}
MassConc.KCL = {1, 1, 1, 1, 1}
NumbConc.REM = NumbConc.KCL
MassConc.REM = MassConc.KCL
 
[Mimicking.MasterSpectra]
MassConc.ARZ = {0.12608, 0.12730, 0.22848, 0.30744, 0.34438}
MassConc.KCL = {0.12530, 0.12730, 0.13350, 0.13350, 0.13350}
MassConc.REM = MassConc.KCL

[InjectionTimes]
DispensingTime.ARZ = 5.0
DispensingTime.KCL = 24
DispensingTime.REM = 19