[Alignment]
NumbConc.ARZ = {1.20536, 1.20258, 0.88626, 1., 1.}
MassConc.ARZ = {1, 1, 1, 1, 1}
NumbConc.KCL = {1.07707, 1.06951, 0.45800, 1., 1.}
MassConc.KCL = {1, 1, 1, 1, 1}
NumbConc.REM = NumbConc.KCL
MassConc.REM = MassConc.KCL
 
[Mimicking.MasterSpectra]
MassConc.ARZ = {0.12691, 0.12730, 0.25714, 0.36136, 0.41008}
MassConc.KCL = {0.12530, 0.12730, 0.13350, 0.13350, 0.13350}
MassConc.REM = MassConc.KCL

[InjectionTimes]
DispensingTime.ARZ = 4.0
DispensingTime.KCL = 24
DispensingTime.REM = 20